         0    1.0900
    0.0100    1.1090
    0.0200    1.1280
    0.0300    1.1470
    0.0400    1.1660
    0.0500    1.1850
    0.0600    1.2040
    0.0700    1.2230
    0.0800    1.2420
    0.0900    1.2610
    0.1000    1.2800
    0.1100    1.2990
    0.1200    1.3180
    0.1300    1.3370
    0.1400    1.3560
    0.1500    1.3750
    0.1600    1.3940
    0.1700    1.4130
    0.1800    1.4320
    0.1900    1.4510
    0.2000    1.4700
    0.2100    1.4890
    0.2200    1.5080
    0.2300    1.5270
    0.2400    1.5460
    0.2500    1.5650
    0.2600    1.5840
    0.2700    1.6030
    0.2800    1.6220
    0.2900    1.6410
    0.3000    1.6600
    0.3100    1.6790
    0.3200    1.6980
    0.3300    1.7170
    0.3400    1.7360
    0.3500    1.7550
    0.3600    1.7740
    0.3700    1.7930
    0.3800    1.8120
    0.3900    1.8310
    0.4000    1.8500
    0.4100    1.8677
    0.4200    1.8869
    0.4300    1.9076
    0.4400    1.9300
    0.4500    1.9541
    0.4600    1.9799
    0.4700    2.0076
    0.4800    2.0373
    0.4900    2.0690
    0.5000    2.1029
    0.5100    2.1391
    0.5200    2.1777
    0.5300    2.2190
    0.5400    2.2631
    0.5500    2.3102
    0.5600    2.3605
    0.5700    2.4143
    0.5800    2.4719
    0.5900    2.5337
    0.6000    2.6000
    0.6100    2.6713
    0.6200    2.7482
    0.6300    2.8313
    0.6400    2.9212
    0.6500    3.0190
    0.6600    3.1256
    0.6700    3.2423
    0.6800    3.3707
    0.6900    3.5126
    0.7000    3.6704
    0.7100    3.8470
    0.7200    4.0463
    0.7300    4.2731
    0.7400    4.5340
    0.7500    4.8376
    0.7600    5.1961
    0.7700    5.6267
    0.7800    6.1547
    0.7900    6.8191
    0.8000    7.6830
    0.8100    8.8559
    0.8200   10.5454
    0.8300   13.2002
    0.8400   18.0000
    0.8500   29.3750
    0.8600   40.7500
    0.8700   52.1250
    0.8800   63.5000
    0.8900   74.8750
    0.9000   86.2500
    0.9100   97.6250
    0.9200  109.0000
    0.9300  120.3750
    0.9400  131.7500
    0.9500  143.1250
    0.9600  154.5000
    0.9700  165.8750
    0.9800  177.2500
    0.9900  188.6250
    1.0000  200.0000